#110 C1 11.7000
      12.2994      0.00000
      12.2883      0.00000
      12.2772      0.00000
      12.2661      0.00000
      12.2550      0.00000
      12.2439      1.00000
      12.2328      1.00000
      12.2217      1.00000
      12.2106      1.00000
      12.1995      1.00000
      12.1884      1.00000
      12.1773      1.00000
      12.1662      1.00000
      12.1551      1.00000
      12.1440      1.00000
      12.1329      1.00000
      12.1218      1.00000
      12.1107      1.00000
      12.0996      1.00000
      12.0885      1.00000
      12.0774      1.00000
      12.0663      1.00000
      12.0552      1.00000
      12.0441      1.00000
      12.0330      1.00000
      12.0219      1.00000
      12.0108      1.00000
      11.9997      1.00000
      11.9886      1.00000
      11.9775      1.00000
      11.9664      1.00000
      11.9553      1.00000
      11.9442      1.00000
      11.9331      1.00000
      11.9220      1.00000
      11.9109      1.00000
      11.8998      1.00000
      11.8887      1.00000
      11.8776      1.00000
      11.8665      1.00000
      11.8554      1.00000
      11.8443      1.00000
      11.8332      1.00000
      11.8221      1.00000
      11.8110      1.00000
      11.7999      1.00000
      11.7888      1.00000
      11.7777      1.00000
      11.7666      1.00000
      11.7555      1.00000
      11.7444      1.00000
      11.7333      1.00000
      11.7222      1.00000
      11.7111      1.00000
      11.7000      1.00000
      11.6889      1.00000
      11.6778      1.00000
      11.6667      1.00000
      11.6556      1.00000
      11.6445      1.00000
      11.6334      1.00000
      11.6223      1.00000
      11.6112      1.00000
      11.6001      1.00000
      11.5890      1.00000
      11.5779      1.00000
      11.5668      1.00000
      11.5557      1.00000
      11.5446      1.00000
      11.5335      1.00000
      11.5224      1.00000
      11.5113      1.00000
      11.5002      1.00000
      11.4891      1.00000
      11.4780      1.00000
      11.4669      1.00000
      11.4558      1.00000
      11.4447      1.00000
      11.4336      1.00000
      11.4225      1.00000
      11.4114      1.00000
      11.4003      1.00000
      11.3892      1.00000
      11.3781      1.00000
      11.3670      1.00000
      11.3559      1.00000
      11.3448      1.00000
      11.3337      1.00000
      11.3226      1.00000
      11.3115      1.00000
      11.3004      1.00000
      11.2893      1.00000
      11.2782      1.00000
      11.2671      1.00000
      11.2560      1.00000
      11.2449      1.00000
      11.2338      1.00000
      11.2227      1.00000
      11.2116      1.00000
      11.2005      1.00000
      11.1894      1.00000
      11.1783      1.00000
      11.1672      1.00000
      11.1561      1.00000
      11.1450      0.00000
      11.1339      0.00000
      11.1228      0.00000
      11.1117      0.00000
      11.1006      0.00000
      11.0895      0.00000
