#110 C2 20.8100
      21.7010      0.00000
      21.6845      0.00000
      21.6680      0.00000
      21.6515      0.00000
      21.6350      0.00000
      21.6185      1.00000
      21.6020      1.00000
      21.5855      1.00000
      21.5690      1.00000
      21.5525      1.00000
      21.5360      1.00000
      21.5195      1.00000
      21.5030      1.00000
      21.4865      1.00000
      21.4700      1.00000
      21.4535      1.00000
      21.4370      1.00000
      21.4205      1.00000
      21.4040      1.00000
      21.3875      1.00000
      21.3710      1.00000
      21.3545      1.00000
      21.3380      1.00000
      21.3215      1.00000
      21.3050      1.00000
      21.2885      1.00000
      21.2720      1.00000
      21.2555      1.00000
      21.2390      1.00000
      21.2225      1.00000
      21.2060      1.00000
      21.1895      1.00000
      21.1730      1.00000
      21.1565      1.00000
      21.1400      1.00000
      21.1235      1.00000
      21.1070      1.00000
      21.0905      1.00000
      21.0740      1.00000
      21.0575      1.00000
      21.0410      1.00000
      21.0245      1.00000
      21.0080      1.00000
      20.9915      1.00000
      20.9750      1.00000
      20.9585      1.00000
      20.9420      1.00000
      20.9255      1.00000
      20.9090      1.00000
      20.8925      1.00000
      20.8760      1.00000
      20.8595      1.00000
      20.8430      1.00000
      20.8265      1.00000
      20.8100      1.00000
      20.7935      1.00000
      20.7770      1.00000
      20.7605      1.00000
      20.7440      1.00000
      20.7275      1.00000
      20.7110      1.00000
      20.6945      1.00000
      20.6780      1.00000
      20.6615      1.00000
      20.6450      1.00000
      20.6285      1.00000
      20.6120      1.00000
      20.5955      1.00000
      20.5790      1.00000
      20.5625      1.00000
      20.5460      1.00000
      20.5295      1.00000
      20.5130      1.00000
      20.4965      1.00000
      20.4800      1.00000
      20.4635      1.00000
      20.4470      1.00000
      20.4305      1.00000
      20.4140      1.00000
      20.3975      1.00000
      20.3810      1.00000
      20.3645      1.00000
      20.3480      1.00000
      20.3315      1.00000
      20.3150      1.00000
      20.2985      1.00000
      20.2820      1.00000
      20.2655      1.00000
      20.2490      1.00000
      20.2325      1.00000
      20.2160      1.00000
      20.1995      1.00000
      20.1830      1.00000
      20.1665      1.00000
      20.1500      1.00000
      20.1335      1.00000
      20.1170      1.00000
      20.1005      1.00000
      20.0840      1.00000
      20.0675      1.00000
      20.0510      1.00000
      20.0345      1.00000
      20.0180      1.00000
      20.0015      1.00000
      19.9850      0.00000
      19.9685      0.00000
      19.9520      0.00000
      19.9355      0.00000
      19.9190      0.00000
      19.9025      0.00000
