#110 C3 10.4600
      13.2140      0.00000
      13.1630      0.00000
      13.1120      0.00000
      13.0610      0.00000
      13.0100      0.00000
      12.9590      1.00000
      12.9080      1.00000
      12.8570      1.00000
      12.8060      1.00000
      12.7550      1.00000
      12.7040      1.00000
      12.6530      1.00000
      12.6020      1.00000
      12.5510      1.00000
      12.5000      1.00000
      12.4490      1.00000
      12.3980      1.00000
      12.3470      1.00000
      12.2960      1.00000
      12.2450      1.00000
      12.1940      1.00000
      12.1430      1.00000
      12.0920      1.00000
      12.0410      1.00000
      11.9900      1.00000
      11.9390      1.00000
      11.8880      1.00000
      11.8370      1.00000
      11.7860      1.00000
      11.7350      1.00000
      11.6840      1.00000
      11.6330      1.00000
      11.5820      1.00000
      11.5310      1.00000
      11.4800      1.00000
      11.4290      1.00000
      11.3780      1.00000
      11.3270      1.00000
      11.2760      1.00000
      11.2250      1.00000
      11.1740      1.00000
      11.1230      1.00000
      11.0720      1.00000
      11.0210      1.00000
      10.9700      1.00000
      10.9190      1.00000
      10.8680      1.00000
      10.8170      1.00000
      10.7660      1.00000
      10.7150      1.00000
      10.6640      1.00000
      10.6130      1.00000
      10.5620      1.00000
      10.5110      1.00000
      10.4600      1.00000
      10.4090      1.00000
      10.3580      1.00000
      10.3070      1.00000
      10.2560      1.00000
      10.2050      1.00000
      10.1540      1.00000
      10.1030      1.00000
      10.0520      1.00000
      10.0010      1.00000
      9.95000      1.00000
      9.89900      1.00000
      9.84800      1.00000
      9.79700      1.00000
      9.74600      1.00000
      9.69500      1.00000
      9.64400      1.00000
      9.59300      1.00000
      9.54200      1.00000
      9.49100      1.00000
      9.44000      1.00000
      9.38900      1.00000
      9.33800      1.00000
      9.28700      1.00000
      9.23600      1.00000
      9.18500      1.00000
      9.13400      1.00000
      9.08300      1.00000
      9.03200      1.00000
      8.98100      1.00000
      8.93000      1.00000
      8.87900      1.00000
      8.82800      1.00000
      8.77700      1.00000
      8.72600      1.00000
      8.67500      1.00000
      8.62400      1.00000
      8.57300      1.00000
      8.52200      1.00000
      8.47100      1.00000
      8.42000      1.00000
      8.36900      1.00000
      8.31800      1.00000
      8.26700      1.00000
      8.21600      1.00000
      8.16500      1.00000
      8.11400      1.00000
      8.06300      1.00000
      8.01200      1.00000
      7.96100      1.00000
      7.91000      0.00000
      7.85900      0.00000
      7.80800      0.00000
      7.75700      0.00000
      7.70600      0.00000
      7.65500      0.00000
